01011100
01100011
01100000
01101111
01110111
01111001
01100001
01101001
01100110
01110110
01011001
01101011
01011100
01101110
01011101
01110011
01011011
01100001
01011110
01101110
01111000
01110100
01111100
01111010
01100001
01101101
01100100
01100110
01101011
01101100
01110110
01100101
01110111
01011011
01110100
01101000
01101110
01101000
01110101
01100110
01101101
01110000
01011011
01101111
01100111
01110000
01101100
01111010
01110010
01101001
01101101
01011011
01110110
01100000
01110000
01101011
01110111
01101101
01110100
01111000
01111000
01111010
01011010
01100010
01101101
01100101
01100010
01110000
01011101
01011100
01100001
01110100
01110100
01111011
01011001
01110011
01110001
01111001
01111001
01011101
01110011
01101101
01101011
01101110
01110000
01101110
01110010
01100000
01100001
01110100
01011111
01110001
01110110
01111010
01111000
01111001
01011010
01110010
01110111
01100110
