01000001111000011010000010101100
01000001101101110010000011111000
01000001110101100000011001000000
01000001111010110011101100000100
01000001110101011110010111110010
01000001110001010100101011001001
01000001111010100001101111101110
01000001101111110000000011111011
01000001111101001010011101000001
01000001110001110101110000100000
01000001110000011101111100110010
01000001110110001010001011111110
01000001111010001010001010111100
01000001101111010000000100100110
01000001101110011111000100101111
01000001111011111011010111001010
01000001110001100001010001010010
01000001101111001101101111000001
01000001110111100000000001001001
01000001110110001010010101000101
01000001101110110101001101111101
01000001110010110101011111000111
01000001101111000111000111010100
01000001110100010001001111000001
01000001110111011011110111000001
01000001110001101011110000110111
01000001110000010100011100001001
01000001101100101001111001100101
01000001101101110001101101111011
01000001111011010010011001001110
01000001101111011101100001000001
01000001110111110111110101000111
01000001110100101000011100101101
01000001101101011101001001001111
01000001111000011000010100011011
01000001111010110010010101111010
01000001101111011101010001000101
01000001101100111010010111100110
01000001111001101001001001001111
01000001110101010010000110101110
01000001101110101101000000010001
01000001110001100010001100100100
01000001101101111111111100101101
01000001111011100011001101011100
01000001101111011011011110110101
01000001110001101110000001001101
01000001111100010001111111010100
01000001101111101001001010000100
01000001111010000010001000100011
01000001110110111101110111100111
01000001111010010111100001000001
01000001111001101011001001000111
01000001111011000101110010001101
01000001111101101011011011111010
01000001110001100110001011011101
01000001110100100011110000101101
01000001110011010101011000001010
01000001110111011010011100000001
01000001110111111011101100000110
01000001111000100111000000110010
01000001110111011010000001001101
01000001110110000000110101010010
01000001110110110010100011010100
01000001111101010111010001111101
01000001111011001011011111000100
01000001110010011110111110000110
01000001111000000001111110111000
01000001111001100111111000100110
01000001101101000000101001110101
01000001111000011111000011010101
01000001110101010111101001001111
01000001110110101100111001110111
01000001110010000001100110010001
01000001110010111101110111110010
01000001111100000110010011001001
01000001111010000111000101111011
01000001101101010010000010011111
01000001101101100000111110011111
01000001110010110000100100111100
01000001101111001110000100010111
01000001111101100010001000010010
01000001111010011011100111101011
01000001110100100001001001110001
01000001110110010111111001101111
01000001111011011011111001101100
01000001110111000101011010011001
01000001110001110000010100000111
01000001101101011110111011111101
01000001111101101110110011111100
01000001111101111101110010001101
01000001101101110001011100000100
01000001111100111111100011001101
01000001111000101011100110011011
01000001111011000110011010010110
01000001110011011100000111011100
01000001110101011100011001000010
01000001110111010111000010010010
01000001111001011000100100111010
01000001110011001001000110100100
01000001110011011000101110011001
