10111111101000000000000000000000
11000000101101000000000000000000
11000001001000000000000000000000
00111111111100000000000000000000
01000000101000000000000000000000
01000000101101000000000000000000
11000000011100000000000000000000
11000001010100100000000000000000
11000001000011000000000000000000
10111111101000000000000000000000
01000000010010000000000000000000
11000001010100100000000000000000
11000001001101000000000000000000
01000000101101000000000000000000
11000001010111000000000000000000
01000000100011000000000000000000
00111111001000000000000000000000
11000001001010100000000000000000
11000000110111000000000000000000
01000000100011000000000000000000
11000001010100100000000000000000
01000000011100000000000000000000
01000000110010000000000000000000
10111111111100000000000000000000
11000001000011000000000000000000
11000000010010000000000000000000
01000000001000000000000000000000
11000001001000000000000000000000
10111111101000000000000000000000
11000001011100000000000000000000
00111111101000000000000000000000
11000000100011000000000000000000
10111111111100000000000000000000
11000000110111000000000000000000
00111111001000000000000000000000
11000001010100100000000000000000
01000000011100000000000000000000
00111111001000000000000000000000
10111111111100000000000000000000
11000001001000000000000000000000
01000000001000000000000000000000
11000001001101000000000000000000
11000000110111000000000000000000
11000000100011000000000000000000
01000000110111000000000000000000
00111111101000000000000000000000
11000000101000000000000000000000
11000000111100000000000000000000
11000000110010000000000000000000
01000000101000000000000000000000
11000000111100000000000000000000
01000000010010000000000000000000
11000000010010000000000000000000
11000001001111100000000000000000
11000001001101000000000000000000
11000000101101000000000000000000
11000000011100000000000000000000
11000000001000000000000000000000
00111111001000000000000000000000
10111111101000000000000000000000
11000000011100000000000000000000
11000000100011000000000000000000
01000000110010000000000000000000
01000000001000000000000000000000
01000000110010000000000000000000
11000000011100000000000000000000
11000001010100100000000000000000
11000000110010000000000000000000
11000001010100100000000000000000
11000001001010100000000000000000
00111111111100000000000000000000
11000000011100000000000000000000
00111111101000000000000000000000
01000000001000000000000000000000
11000001001111100000000000000000
10111111111100000000000000000000
11000001001000000000000000000000
01000000010010000000000000000000
01000000001000000000000000000000
01000000011100000000000000000000
11000000101101000000000000000000
01000000110010000000000000000000
00111111101000000000000000000000
01000000100011000000000000000000
11000001001101000000000000000000
11000000101101000000000000000000
11000001001010100000000000000000
11000001000000100000000000000000
11000001011001100000000000000000
11000001000000100000000000000000
11000001010111000000000000000000
11000001000101100000000000000000
11000001010100100000000000000000
10111111111100000000000000000000
00111111101000000000000000000000
11000001010111000000000000000000
01000000110010000000000000000000
11000001001010100000000000000000
11000000101000000000000000000000
11000001011001100000000000000000
