10111111000000000000000000000000
11000000000100000000000000000000
11000000100000000000000000000000
00111111010000000000000000000000
01000000000000000000000000000000
01000000000100000000000000000000
10111111110000000000000000000000
11000000101010000000000000000000
11000000011000000000000000000000
10111111000000000000000000000000
00111111101000000000000000000000
11000000101010000000000000000000
11000000100100000000000000000000
01000000000100000000000000000000
11000000101100000000000000000000
00111111111000000000000000000000
00111110100000000000000000000000
11000000100010000000000000000000
11000000001100000000000000000000
00111111111000000000000000000000
11000000101010000000000000000000
00111111110000000000000000000000
01000000001000000000000000000000
10111111010000000000000000000000
11000000011000000000000000000000
10111111101000000000000000000000
00111111100000000000000000000000
11000000100000000000000000000000
10111111000000000000000000000000
11000000110000000000000000000000
00111111000000000000000000000000
10111111111000000000000000000000
10111111010000000000000000000000
11000000001100000000000000000000
00111110100000000000000000000000
11000000101010000000000000000000
00111111110000000000000000000000
00111110100000000000000000000000
10111111010000000000000000000000
11000000100000000000000000000000
00111111100000000000000000000000
11000000100100000000000000000000
11000000001100000000000000000000
10111111111000000000000000000000
01000000001100000000000000000000
00111111000000000000000000000000
11000000000000000000000000000000
11000000010000000000000000000000
11000000001000000000000000000000
01000000000000000000000000000000
11000000010000000000000000000000
00111111101000000000000000000000
10111111101000000000000000000000
11000000100110000000000000000000
11000000100100000000000000000000
11000000000100000000000000000000
10111111110000000000000000000000
10111111100000000000000000000000
00111110100000000000000000000000
10111111000000000000000000000000
10111111110000000000000000000000
10111111111000000000000000000000
01000000001000000000000000000000
00111111100000000000000000000000
01000000001000000000000000000000
10111111110000000000000000000000
11000000101010000000000000000000
11000000001000000000000000000000
11000000101010000000000000000000
11000000100010000000000000000000
00111111010000000000000000000000
10111111110000000000000000000000
00111111000000000000000000000000
00111111100000000000000000000000
11000000100110000000000000000000
10111111010000000000000000000000
11000000100000000000000000000000
00111111101000000000000000000000
00111111100000000000000000000000
00111111110000000000000000000000
11000000000100000000000000000000
01000000001000000000000000000000
00111111000000000000000000000000
00111111111000000000000000000000
11000000100100000000000000000000
11000000000100000000000000000000
11000000100010000000000000000000
11000000010100000000000000000000
11000000101110000000000000000000
11000000010100000000000000000000
11000000101100000000000000000000
11000000011100000000000000000000
11000000101010000000000000000000
10111111010000000000000000000000
00111111000000000000000000000000
11000000101100000000000000000000
01000000001000000000000000000000
11000000100010000000000000000000
11000000000000000000000000000000
11000000101110000000000000000000
