01100110
01101101
01110100
01100001
01011100
01011011
01101010
01111001
01110010
01100110
01011111
01111001
01110110
01011011
01111010
01011101
01100011
01110101
01101111
01011101
01111001
01011110
01011010
01100111
01110010
01101001
01100000
01110100
01100110
01111100
01100010
01101011
01100111
01101111
01100011
01111001
01011110
01100011
01100111
01110100
01100000
01110110
01101111
01101011
01011001
01100010
01101100
01110000
01101110
01011100
01110000
01011111
01101001
01110111
01110110
01101101
01101010
01101000
01100011
01100110
01101010
01101011
01011010
01100000
01011010
01101010
01111001
01101110
01111001
01110101
01100001
01101010
01100010
01100000
01110111
01100111
01110100
01011111
01100000
01011110
01101101
01011010
01100010
01011101
01110110
01101101
01110101
01110001
01111011
01110001
01111010
01110011
01111001
01100111
01100010
01111010
01011010
01110101
01101100
01111011
