01000001110011000000000000000000
01000001110110100000000000000000
01000001111010000000000000000000
01000001110000100000000000000000
01000001101110000000000000000000
01000001101101100000000000000000
01000001110101000000000000000000
01000001111100100000000000000000
01000001111001000000000000000000
01000001110011000000000000000000
01000001101111100000000000000000
01000001111100100000000000000000
01000001111011000000000000000000
01000001101101100000000000000000
01000001111101000000000000000000
01000001101110100000000000000000
01000001110001100000000000000000
01000001111010100000000000000000
01000001110111100000000000000000
01000001101110100000000000000000
01000001111100100000000000000000
01000001101111000000000000000000
01000001101101000000000000000000
01000001110011100000000000000000
01000001111001000000000000000000
01000001110100100000000000000000
01000001110000000000000000000000
01000001111010000000000000000000
01000001110011000000000000000000
01000001111110000000000000000000
01000001110001000000000000000000
01000001110101100000000000000000
01000001110011100000000000000000
01000001110111100000000000000000
01000001110001100000000000000000
01000001111100100000000000000000
01000001101111000000000000000000
01000001110001100000000000000000
01000001110011100000000000000000
01000001111010000000000000000000
01000001110000000000000000000000
01000001111011000000000000000000
01000001110111100000000000000000
01000001110101100000000000000000
01000001101100100000000000000000
01000001110001000000000000000000
01000001110110000000000000000000
01000001111000000000000000000000
01000001110111000000000000000000
01000001101110000000000000000000
01000001111000000000000000000000
01000001101111100000000000000000
01000001110100100000000000000000
01000001111011100000000000000000
01000001111011000000000000000000
01000001110110100000000000000000
01000001110101000000000000000000
01000001110100000000000000000000
01000001110001100000000000000000
01000001110011000000000000000000
01000001110101000000000000000000
01000001110101100000000000000000
01000001101101000000000000000000
01000001110000000000000000000000
01000001101101000000000000000000
01000001110101000000000000000000
01000001111100100000000000000000
01000001110111000000000000000000
01000001111100100000000000000000
01000001111010100000000000000000
01000001110000100000000000000000
01000001110101000000000000000000
01000001110001000000000000000000
01000001110000000000000000000000
01000001111011100000000000000000
01000001110011100000000000000000
01000001111010000000000000000000
01000001101111100000000000000000
01000001110000000000000000000000
01000001101111000000000000000000
01000001110110100000000000000000
01000001101101000000000000000000
01000001110001000000000000000000
01000001101110100000000000000000
01000001111011000000000000000000
01000001110110100000000000000000
01000001111010100000000000000000
01000001111000100000000000000000
01000001111101100000000000000000
01000001111000100000000000000000
01000001111101000000000000000000
01000001111001100000000000000000
01000001111100100000000000000000
01000001110011100000000000000000
01000001110001000000000000000000
01000001111101000000000000000000
01000001101101000000000000000000
01000001111010100000000000000000
01000001110110000000000000000000
01000001111101100000000000000000
