00111111000110011001100110011001
01000000010110101110000101000111
01000001000011100111011011001000
01000001000111001000111010001010
01000001000101010111011111011001
01000001000010000010100101101011
01000001010000000011000110110011
01000001101001011011011101101011
01000001111010000111010110110100
01000010000011011110000000111001
01000010001001000100000001000100
01000010010111100100110100011111
01000010100100000010111001000101
01000010101001111001110111101101
01000010110101100101011100011100
01000010111111010000001000100010
01000011000101111000000101001000
01000011001110101110011111110000
01000011011000111001011001010011
01000011100001111000000010011000
01000011101001011100000010110110
01000011110001100000000011011011
01000011111011000001101010100000
01000100000011011110001100101101
01000100001010110101000010011100
01000100010011011111001111101111
01000100011101101101011111101100
01000100100101001011010011000000
01000100101100101000010110110100
01000100110101110010000001110001
01000101000000010000100111011101
01000101000110101111101000111101
01000101001110100000011101111100
01000101010111110111000011111100
01000101100001100000111000110001
01000101101000010001000000111010
01000101110000010011100001000110
01000101111001111101101010111011
01000110000010110010000001110000
01000110001001110000011011101101
01000110010010000110100111101001
01000110011100001001010010110001
01000110100100000101111111010000
01000110101011010100001111111010
01000110110011111110010010010011
01000110111110010111011101111101
01000111000101011011000001111110
01000111001100111010010000110001
01000111010101111001010011010100
01000111100000010101100000011001
01000111100110110011100001010001
01000111101110100100001011010101
01000111110111111000010000100110
01001000000001100001110110000011
01001000001000001111000110010001
01001000010000010010001010001110
01001000011001111100001110000100
01001000100010110000111100001111
01001000101001101101111011010101
01001000110010000011111010101101
01001000111100000100101101101111
01001001000100000010110101100100
01001001001011010000001100010101
01001001010011111001110100111010
01001001011110010010001011100010
01001001100101010111101101100011
01001001101100110110000100001111
01001001110101110100000101011110
01001010000000010010011101010001
01001010000110101111110000001111
01001010001110011111101101000010
01001010010111110010110110001010
01001010100001011110100000011110
01001010101000001011000000100010
01001010110000001101001101100111
01001010111001110110010000011000
01001011000010101101010110101100
01001011001001101001101000000001
01001011010001111110110000000000
01001011011011111110011111111110
01001011100011111111000110011001
01001011101011001011101110000100
01001011110011110100011101101010
01001011111110001011110000011000
01001100000101010011110110101001
01001100001100110001011011001100
01001100010101101110100000101001
01001100100000001111000110110011
01001100100110101011101110100100
01001100101110011010110111111001
01001100110111101101000011000101
01001101000001011011000001110110
01001101001000000110110101011011
01001101010000001000001100111011
01001101011001110000001111100000
01001101100010101001101111101101
01001101101001100101010010110110
01001101110001111001100011011010
01001101111011111000010000111001
01001110000011111011010110111100
