10111110110011001100110011001100
11000000000011001100110011001100
11000000101011001100110011001100
11000000100110011001100110011001
11000000010011001100110011001100
10111111101100110011001100110011
11000000001001100110011001100110
11000000110110011001100110011001
11000001000110011001100110011001
11000001001000000000000000000000
11000001000100000000000000000000
11000001010100110011001100110011
11000001100001100110011001100110
11000001011100000000000000000000
11000001100110110011001100110011
11000001100100000000000000000000
11000001100011100110011001100110
11000001101010011001100110011001
11000001101110110011001100110011
11000001101100000000000000000000
11000001110100011001100110011001
11000001110010000000000000000000
11000001101110000000000000000000
11000001101111001100110011001100
11000001110100110011001100110011
11000001110110110011001100110011
11000001110101001100110011001100
11000001111011100110011001100110
11000001111100011001100110011001
11000010000011000000000000000000
11000010000010100110011001100110
11000010000100000000000000000000
11000010000100100110011001100110
11000010000110110011001100110011
11000010000110100110011001100110
11000010001010110011001100110011
11000010001001100110011001100110
11000010001001011001100110011001
11000010001010000000000000000000
11000010001101001100110011001100
11000010001100011001100110011001
11000010010000000000000000000000
11000010010010001100110011001100
11000010010011100110011001100110
11000010010001011001100110011001
11000010010001000000000000000000
11000010010010100110011001100110
11000010010101000000000000000000
11000010010111000000000000000000
11000010010101011001100110011001
11000010010111110011001100110011
11000010010110110011001100110011
11000010010111110011001100110011
11000010011011100110011001100110
11000010011111001100110011001100
11000010100000100000000000000000
11000010100001000110011001100110
11000010100001100000000000000000
11000010100001011001100110011001
11000010100001100110011001100110
11000010100010001100110011001100
11000010100010111001100110011001
11000010100001111001100110011001
11000010100001100000000000000000
11000010100000100000000000000000
11000010100001000110011001100110
11000010100011001100110011001100
11000010100100001100110011001100
11000010100110010011001100110011
11000010101000000000000000000000
11000010100111101100110011001100
11000010101000010011001100110011
11000010101000000110011001100110
11000010100111101100110011001100
11000010101001100110011001100110
11000010101001111001100110011001
11000010101011100000000000000000
11000010101011000000000000000000
11000010101010100110011001100110
11000010101010000000000000000000
11000010101010111001100110011001
11000010101001111001100110011001
11000010101001101100110011001100
11000010101001000000000000000000
11000010101010110011001100110011
11000010101011101100110011001100
11000010101101011001100110011001
11000010101110101100110011001100
11000010110001000000000000000000
11000010110010010011001100110011
11000010110100100000000000000000
11000010110110000000000000000000
11000010111000000110011001100110
11000010111000011001100110011001
11000010111000001100110011001100
11000010111010011001100110011001
11000010111001011001100110011001
11000010111011000110011001100110
11000010111011111001100110011001
11000010111110001100110011001100
