00111111000110011001100110011001
01000000010110101110000101000110
01000001000011100111011011001000
01000001000111001000111010001001
01000001000101010111011111010111
01000001000010000010100101101000
01000001010000000011000110101111
01000001101001011011011101101001
01000001111010000111010110110000
01000010000011011110000000110110
01000010001001000100000001000000
01000010010111100100110100011001
01000010100100000010111001000010
01000010101001111001110111101000
01000010110101100101011100010110
01000010111111010000001000011001
01000011000101111000000101000010
01000011001110101110011111101000
01000011011000111001011001001001
01000011100001111000000010010010
01000011101001011100000010101111
01000011110001100000000011010001
01000011111011000001101010010011
01000100000011011110001100100100
01000100001010110101000010010001
01000100010011011111001111100000
01000100011101101101011111011001
01000100100101001011010010110101
01000100101100101000010110100101
01000100110101110010000001011111
01000101000000010000100111010010
01000101000110101111101000101111
01000101001110100000011101101011
01000101010111110111000011100110
01000101100001100000111000100011
01000101101000010001000000101001
01000101110000010011100000110000
01000101111001111101101010011111
01000110000010110010000001011111
01000110001001110000011011011000
01000110010010000110100111001111
01000110011100001001010010010001
01000110100100000101111110111101
01000110101011010100001111100010
01000110110011111110010001110101
01000110111110010111011101011000
01000111000101011011000001100111
01000111001100111010010000010100
01000111010101111001010010110001
01000111100000010101100000000011
01000111100110110011100000110110
01000111101110100100001010110011
01000111110111111000001111111100
01001000000001100001110101101010
01001000001000001111000101110010
01001000010000010010001001101000
01001000011001111100001101010101
01001000100010110000111011110010
01001000101001101101111010110010
01001000110010000011111010000010
01001000111100000100101100111011
01001001000100000010110101000100
01001001001011010000001011101110
01001001010011111001110100001010
01001001011110010010001010101000
01001001100101010111101100111111
01001001101100110110000011100100
01001001110101110100000100101001
01001010000000010010011100110001
01001010000110101111101111101000
01001010001110011111101100010010
01001010010111110010110101001111
01001010100001011110011111111010
01001010101000001010111111110110
01001010110000001101001100110010
01001010111001110110001111010111
01001011000010101101010110000101
01001011001001101001100111010001
01001011010001111110101111000110
01001011011011111110011110110111
01001011100011111111000101101110
01001011101011001011101101001111
01001011110011110100011100101011
01001011111110001011101111001011
01001100000101010011110101111010
01001100001100110001011010010011
01001100010101101110011111100100
01001100100000001111000110001001
01001100100110101011101101110010
01001100101110011010110110111011
01001100110111101101000001111010
01001101000001011011000001001001
01001101001000000110110100100100
01001101010000001000001011110111
01001101011001110000001110001110
01001101100010101001101110111011
01001101101001100101010001111001
01001101110001111001100010010000
01001101111011111000001111011111
01001110000011111011010110000101
