10111111100001100110011001100110
11000000100011001111010111000011
11000000110011111101111100111100
01000000110110111000001101111001
01000001001100100100010010100100
01000001010010111100001100000010
01000000101101010011000000101011
00111111010010100010000001100000
01000001001010110101000111001000
01000001110000011100000001101100
01000010000011001100000001000000
01000001111010100000000010011001
01000010001100000010100101010001
01000010100101001101110111101000
01000010100101000000101001001010
01000010111000011100001000011001
01000011000001100101010001110101
01000011000110110001010010110101
01000011010001010100111111100011
01000011011111010110000100100100
01000011100100100001011100010110
01000011101110110110000011010001
01000011111000111011101010010011
01000100000001111000010010111110
01000100001000101000011011111000
01000100010001100101001001000110
01000100011100001101000101110011
01000100100011111011101100011011
01000100101011101001011100111111
01000100110100001110000001011111
01000100111111011110100001110001
01000101000110000111010000101111
01000101001101111001111111010001
01000101010111001001011000011001
01000101100001001101111001010110
01000101100111110101000011000011
01000101110000000000100101100011
01000101111001101001010001101100
01000110000010100111000011011111
01000110001001100010101000001011
01000110010001111100001000110101
01000110011011111010011110010001
01000110100011111110110110010111
01000110101011001101001111101111
01000110110011111000111101101000
01000110111110010001011111011000
01000111000101010111100011001101
01000111001100110110011110010100
01000111010101110101011101110001
01000111100000010011111111010000
01000111100110110001100010010000
01000111101110100010100011011101
01000111110111110110011010000110
01001000000001100000101110001100
01001000001000001101111011010101
01001000010000010001000011000000
01001000011001111011000111011000
01001000100010110000011001000010
01001000101001101101011001101100
01001000110010000011010111110100
01001000111100000100001000110110
01001001000100000010100010100001
01001001001011001111111100010101
01001001010011111001100100000010
01001001011110010001111011111100
01001001100101010111100100001111
01001001101100110101111001001000
01001001110101110011111010110100
01001010000000010010010111001010
01001010000110101111101001111110
01001010001110011111100111011100
01001010010111110010101111111110
01001010100001011110011101011100
01001010101000001010111101011100
01001010110000001101001001110100
01001010111001110110001100101100
01001011000010101101010100100100
01001011001001101001100101111110
01001011010001111110101101110011
01001011011011111110011101100111
01001011100011111111000101000000
01001011101011001011101100101000
01001011110011110100011100000010
01001011111110001011101110100100
01001100000101010011110101100010
01001100001100110001011001111100
01001100010101101110011111001011
01001100100000001111000101111100
01001100100110101011101101100100
01001100101110011010110110101101
01001100110111101101000001101011
01001101000001011011000001000010
01001101001000000110110100011100
01001101010000001000001011110000
01001101011001110000001110000111
01001101100010101001101110110111
01001101101001100101010001110110
01001101110001111001100010001100
01001101111011111000001111011011
01001110000011111011010110000011
01001110001011000111001101101010
01001110010011101111000011100101
01001110011110000101010001000101
01001110100101001111111101011100
01001110101100101100110000001000
01001110110101101000111001101111
