10111111100001100110011001100110
11000000100011001111010111000010
11000000110011111101111100111011
01000000110110111000001101111011
01000001001100100100010010100110
01000001010010111100001100000100
01000000101101010011000000110100
00111111010010100010000010110000
01000001001010110101000111001111
01000001110000011100000001110010
01000010000011001100000001000100
01000001111010100000000010100100
01000010001100000010100101011000
01000010100101001101110111101101
01000010100101000000101001010000
01000010111000011100001000100010
01000011000001100101010001111011
01000011000110110001010010111100
01000011010001010100111111101100
01000011011111010110000100110000
01000011100100100001011100011101
01000011101110110110000011011011
01000011111000111011101010100000
01000100000001111000010011000110
01000100001000101000011100000011
01000100010001100101001001010101
01000100011100001101000110000101
01000100100011111011101100100111
01000100101011101001011101001101
01000100110100001110000001110001
01000100111111011110100010001000
01000101000110000111010000111101
01000101001101111001111111100011
01000101010111001001011000101111
01000101100001001101111001100100
01000101100111110101000011010100
01000101110000000000100101111001
01000101111001101001010010000111
01000110000010100111000011110000
01000110001001100010101000100000
01000110010001111100001001001111
01000110011011111010011110110001
01000110100011111110110110101010
01000110101011001101010000000111
01000110110011111000111110000110
01000110111110010001011111111101
01000111000101010111100011100100
01000111001100110110011110110001
01000111010101110101011110010100
01000111100000010011111111100110
01000111100110110001100010101011
01000111101110100010100011111110
01000111110111110110011010101111
01001000000001100000101110100101
01001000001000001101111011110100
01001000010000010001000011100110
01001000011001111011001000000111
01001000100010110000011001011111
01001000101001101101011010010000
01001000110010000011011000011110
01001000111100000100001001101011
01001001000100000010100011000001
01001001001011001111111100111100
01001001010011111001100100110010
01001001011110010001111100110110
01001001100101010111100100110011
01001001101100110101111001110011
01001001110101110011111011101000
01001010000000010010010111101010
01001010000110101111101010100101
01001010001110011111101000001100
01001010010111110010110000111001
01001010100001011110011110000000
01001010101000001010111110001000
01001010110000001101001010101001
01001010111001110110001101101100
01001011000010101101010101001011
01001011001001101001100110101110
01001011010001111110101110101101
01001011011011111110011110101110
01001011100011111111000101101100
01001011101011001011101101011101
01001011110011110100011101000001
01001011111110001011101111110010
01001100000101010011110110010001
01001100001100110001011010110101
01001100010101101110100000010000
01001100100000001111000110100110
01001100100110101011101110010110
01001100101110011010110111101011
01001100110111101101000010110110
01001101000001011011000001101111
01001101001000000110110101010100
01001101010000001000001100110011
01001101011001110000001111011001
01001101100010101001101111101001
01001101101001100101010010110010
01001101110001111001100011010110
01001101111011111000010000110110
01001110000011111011010110111010
