00111110111110001111011001000000
00111111001111000111101100100000
00111111110111100011110110010000
10111111100000011100001001110000
11000000101110000111000010011100
11000001001100000011100001001110
11000001001001000011100001001110
11000001001110000011100001001110
11000001010000000011100001001110
11000001100001000001110000100111
11000001010111000011100001001110
11000001011110000011100001001110
11000001010110000011100001001110
11000001100000000001110000100111
11000001011001000011100001001110
11000001100100000001110000100111
11000001011111000011100001001110
11000001011100000011100001001110
11000001010110000011100001001110
11000001100000000001110000100111
11000001101010000001110000100111
11000001110010000001110000100111
11000001111110000001110000100111
11000010000100100000111000010011
11000010000011110000111000010011
11000010000110000000111000010011
11000010000110000000111000010011
11000010000110100000111000010011
11000010001000010000111000010011
11000010001010010000111000010011
11000010001110110000111000010011
11000010001111000000111000010011
11000010010011110000111000010011
11000010010001100000111000010011
11000010010101100000111000010011
11000010010110100000111000010011
11000010011001000000111000010011
11000010011010000000111000010011
11000010011110010000111000010011
11000010011110110000111000010011
11000010100000100000011100001001
11000010100010000000011100001001
11000010100000111000011100001001
11000010100010010000011100001001
11000010100010101000011100001001
11000010100100001000011100001001
11000010100101001000011100001001
11000010100111111000011100001001
11000010101001101000011100001001
11000010101010010000011100001001
11000010101011011000011100001001
11000010101010010000011100001001
11000010101100100000011100001001
11000010101100000000011100001001
11000010101101100000011100001001
11000010101110011000011100001001
11000010110000110000011100001001
11000010110001111000011100001001
11000010110011111000011100001001
11000010110110011000011100001001
11000010111000111000011100001001
11000010111011101000011100001001
11000010111010011000011100001001
11000010111010001000011100001001
11000010111011010000011100001001
11000010111011011000011100001001
11000010111011001000011100001001
11000010111100101000011100001001
11000010111011110000011100001001
11000010111010110000011100001001
11000010111010011000011100001001
11000010111100011000011100001001
11000010111110011000011100001001
11000011000000101000001110000100
11000010111111111000011100001001
11000011000000111000001110000100
11000011000001101100001110000100
11000011000011000000001110000100
11000011000100010100001110000100
11000011000011111000001110000100
11000011000100110100001110000100
11000011000101011000001110000100
11000011000101110100001110000100
11000011000110011100001110000100
11000011000111001100001110000100
11000011000111110100001110000100
11000011001000101100001110000100
11000011001000011100001110000100
11000011001000010000001110000100
11000011001001010000001110000100
11000011001000111100001110000100
11000011001001110000001110000100
11000011001010111000001110000100
11000011001100010000001110000100
11000011001101100000001110000100
11000011001110110100001110000100
11000011001110001100001110000100
11000011001111000100001110000100
11000011010000010000001110000100
11000011010000011000001110000100
