01000000000000000000000000000000
01000000000100000000000000000000
01000000010100000000000000000000
00111111000000000000000000000000
11000000100010000000000000000000
11000001000110000000000000000000
11000001000011000000000000000000
11000001001000000000000000000000
11000001001010000000000000000000
11000001011100000000000000000000
11000001010001000000000000000000
11000001011000000000000000000000
11000001010000000000000000000000
11000001011010000000000000000000
11000001010011000000000000000000
11000001100001000000000000000000
11000001011001000000000000000000
11000001010110000000000000000000
11000001010000000000000000000000
11000001011010000000000000000000
11000001100111000000000000000000
11000001101111000000000000000000
11000001111011000000000000000000
11000010000011000000000000000000
11000010000010010000000000000000
11000010000100100000000000000000
11000010000100100000000000000000
11000010000101000000000000000000
11000010000110110000000000000000
11000010001000110000000000000000
11000010001101010000000000000000
11000010001101100000000000000000
11000010010010010000000000000000
11000010010000000000000000000000
11000010010100000000000000000000
11000010010101000000000000000000
11000010010111100000000000000000
11000010011000100000000000000000
11000010011100110000000000000000
11000010011101010000000000000000
11000010011111100000000000000000
11000010100001010000000000000000
11000010100000001000000000000000
11000010100001100000000000000000
11000010100001111000000000000000
11000010100011011000000000000000
11000010100100011000000000000000
11000010100111001000000000000000
11000010101000111000000000000000
11000010101001100000000000000000
11000010101010101000000000000000
11000010101001100000000000000000
11000010101011110000000000000000
11000010101011010000000000000000
11000010101100110000000000000000
11000010101101101000000000000000
11000010110000000000000000000000
11000010110001001000000000000000
11000010110011001000000000000000
11000010110101101000000000000000
11000010111000001000000000000000
11000010111010111000000000000000
11000010111001101000000000000000
11000010111001011000000000000000
11000010111010100000000000000000
11000010111010101000000000000000
11000010111010011000000000000000
11000010111011111000000000000000
11000010111011000000000000000000
11000010111010000000000000000000
11000010111001101000000000000000
11000010111011101000000000000000
11000010111101101000000000000000
11000011000000010000000000000000
11000010111111001000000000000000
11000011000000100000000000000000
11000011000001010100000000000000
11000011000010101000000000000000
11000011000011111100000000000000
11000011000011100000000000000000
11000011000100011100000000000000
11000011000101000000000000000000
11000011000101011100000000000000
11000011000110000100000000000000
11000011000110110100000000000000
11000011000111011100000000000000
11000011001000010100000000000000
11000011001000000100000000000000
11000011000111111000000000000000
11000011001000111000000000000000
11000011001000100100000000000000
11000011001001011000000000000000
11000011001010100000000000000000
11000011001011111000000000000000
11000011001101001000000000000000
11000011001110011100000000000000
11000011001101110100000000000000
11000011001110101100000000000000
11000011001111111000000000000000
11000011010000000000000000000000
